39.00
37.00
35.00
36.00
37.00
37.00
36.00
35.00
31.00
28.00
29.00
29.00
29.00
28.00
26.00
27.00
26.00
28.00
31.00
36.00
37.00
38.00
39.00
37.00
36.00
38.00
39.00
42.00
44.00
44.00
43.00
45.00
44.00
45.00
46.00
44.00
44.00
45.00
46.00
44.00
42.00
42.00
43.00
42.00
47.00
48.00
47.00
40.00
34.00
33.00
31.00
30.00
29.00
27.00
23.00
21.00
20.00
19.00
20.00
21.00
21.00
22.00
20.00
19.00
22.00
24.00
27.00
38.00
42.00
43.00
46.00
48.00
50.00
53.00
55.00
56.00
56.00
58.00
61.00
61.00
64.00
64.00
63.00
64.00
62.00
60.00
57.00
57.00
55.00
56.00
57.00
64.00
68.00
66.00
66.00
56.00
47.00
42.00
42.00
40.00
38.00
32.00
17.00
14.00
15.00
16.00
19.00
19.00
22.00
22.00
23.00
23.00
24.00
27.00
34.00
39.00
36.00
37.00
