41.00
42.00
36.00
40.00
43.00
41.00
40.00
39.00
40.00
37.00
29.00
29.00
31.00
30.00
30.00
32.00
30.00
30.00
34.00
40.00
44.00
45.00
45.00
48.00
49.00
51.00
48.00
48.00
48.00
48.00
48.00
49.00
48.00
50.00
50.00
49.00
48.00
51.00
51.00
49.00
47.00
48.00
45.00
46.00
49.00
47.00
48.00
43.00
39.00
35.00
33.00
33.00
32.00
33.00
34.00
34.00
35.00
34.00
27.00
23.00
23.00
25.00
27.00
28.00
29.00
30.00
32.00
40.00
42.00
44.00
51.00
53.00
56.00
59.00
62.00
63.00
65.00
65.00
66.00
65.00
69.00
70.00
67.00
66.00
65.00
63.00
61.00
58.00
57.00
54.00
54.00
59.00
61.00
61.00
58.00
51.00
47.00
44.00
43.00
44.00
42.00
41.00
40.00
40.00
39.00
38.00
27.00
23.00
24.00
24.00
24.00
25.00
26.00
29.00
38.00
45.00
49.00
52.00
64.00
64.00
64.00
64.00
64.00
64.00
64.00
64.00
64.00
64.00
64.00
64.00
64.00
64.00
64.00
64.00
64.00
64.00
64.00
64.00
64.00
64.00
64.00
64.00
64.00
64.00
64.00
64.00
64.00
64.00
64.00
64.00
64.00
64.00
64.00
64.00
64.00
64.00
64.00
64.00
64.00
64.00
64.00
64.00
64.00
64.00
64.00
64.00
64.00
64.00
64.00
64.00
64.00
64.00
64.00
64.00
64.00
64.00
64.00
64.00
64.00
64.00
64.00
64.00
64.00
64.00
64.00
64.00
64.00
64.00
64.00
64.00
64.00
64.00
64.00
64.00
64.00
