31.00
35.00
33.00
35.00
38.00
36.00
37.00
36.00
36.00
36.00
36.00
36.00
33.00
31.00
32.00
31.00
32.00
32.00
31.00
34.00
36.00
42.00
44.00
45.00
44.00
46.00
46.00
46.00
47.00
46.00
47.00
47.00
46.00
48.00
48.00
47.00
46.00
48.00
49.00
47.00
48.00
48.00
45.00
38.00
33.00
30.00
32.00
26.00
21.00
20.00
27.00
26.00
26.00
28.00
27.00
25.00
26.00
26.00
26.00
26.00
25.00
26.00
27.00
27.00
28.00
29.00
25.00
37.00
40.00
40.00
42.00
46.00
48.00
53.00
56.00
56.00
59.00
59.00
60.00
58.00
62.00
63.00
63.00
63.00
61.00
60.00
59.00
58.00
56.00
59.00
53.00
56.00
53.00
45.00
46.00
35.00
30.00
28.00
34.00
35.00
34.00
32.00
32.00
31.00
31.00
31.00
31.00
31.00
30.00
31.00
31.00
31.00
31.00
35.00
37.00
41.00
41.00
44.00
