49
47
46
50
47
46
46
49
51
42
43
45
41
42
44
43
42
48
54
64
69
70
71
76
78
79
80
83
86
88
90
90
91
92
92
93
93
94
95
94
96
87
87
85
78
61
55
41
36
32
30
30
30
34
36
35
38
35
34
36
37
39
41
39
44
54
55
60
59
67
67
71
80
80
80
79
82
86
89
90
90
92
93
94
95
96
96
96
96
92
84
82
80
67
61
51
48
45
44
48
45
41
40
39
37
40
43
41
36
38
38
43
45
49
53
60
64
66
45
35
32
32
32
32
33
32
32
31
30
30
32
30
31
35
38
41
43
50
53
59
62
67
71
71
74
75
74
71
74
75
78
81
82
86
87
88
89
89
88
85
85
79
60
53
49
45
42
40
38
35
35
34
34
36
37
33
34
36
37
44
49
64
68
61
66
72
74
77
80
81
81
80
78
81
92
