21.00
21.20
21.10
22.00
22.00
21.80
24.10
22.70
24.40
27.00
25.10
24.50
24.30
24.50
24.20
26.10
25.30
24.30
22.60
21.20
20.50
20.00
20.50
20.70
20.60
20.00
19.60
18.90
17.90
18.00
17.00
17.50
17.60
17.40
18.00
17.60
17.00
16.90
16.20
17.40
17.40
17.80
18.10
18.60
19.10
19.30
20.30
19.90
20.40
21.00
21.40
21.90
22.30
24.40
25.80
28.20
29.80
30.20
29.90
29.50
29.60
29.80
31.50
31.70
30.00
29.60
27.50
23.60
21.80
20.70
20.50
19.70
19.20
18.80
18.20
17.90
18.20
17.40
16.00
16.30
16.00
15.80
16.10
16.10
16.40
16.80
16.20
17.30
17.60
17.60
18.10
18.50
19.00
19.40
21.20
21.10
22.30
23.10
23.80
24.20
24.90
27.00
36.30
38.90
39.50
37.80
36.00
35.60
34.60
34.60
34.20
34.20
33.70
32.70
29.50
26.80
27.40
27.10
