18.70
18.50
19.40
20.30
19.50
19.80
20.30
21.00
21.40
22.10
24.80
24.40
22.60
23.70
23.50
23.40
23.40
22.90
20.90
19.20
17.50
17.50
17.30
17.00
16.50
16.10
16.20
15.70
15.80
15.80
15.70
15.60
15.50
15.00
15.10
14.90
15.00
14.40
14.70
15.10
15.30
16.30
17.10
17.40
18.20
18.60
18.90
19.30
19.40
19.80
20.30
20.60
21.10
21.30
20.80
20.80
21.10
21.50
25.00
27.70
27.70
27.10
26.80
26.30
26.20
25.40
24.50
22.70
21.20
20.20
18.50
17.90
17.40
17.00
16.40
15.80
15.60
15.50
15.10
15.00
14.60
14.50
14.80
14.80
15.30
15.40
16.00
16.60
17.00
17.80
18.80
19.80
20.30
20.70
21.40
21.60
21.80
22.90
22.90
22.60
23.10
23.30
23.40
23.50
24.10
25.40
30.60
33.60
33.60
33.50
33.50
33.30
32.30
30.80
27.20
24.10
23.10
22.40
19.50
19.50
19.50
19.50
19.50
19.50
19.50
19.50
19.50
19.50
19.50
19.50
19.50
19.50
19.50
19.50
19.50
19.50
19.50
19.50
19.50
19.50
19.50
19.50
19.50
19.50
19.50
19.50
19.50
19.50
19.50
19.50
19.50
19.50
19.50
19.50
19.50
19.50
19.50
19.50
19.50
19.50
19.50
19.50
19.50
19.50
19.50
19.50
19.50
19.50
19.50
19.50
19.50
19.50
19.50
19.50
19.50
19.50
19.50
19.50
19.50
19.50
19.50
19.50
19.50
19.50
19.50
19.50
19.50
19.50
19.50
19.50
19.50
19.50
19.50
19.50
19.50
