21.80
22.80
22.40
22.00
22.20
22.00
22.30
22.20
22.30
22.90
22.60
22.50
22.50
22.20
22.40
22.10
22.70
23.20
22.50
22.00
20.40
18.90
18.40
17.70
17.70
17.30
17.00
17.10
16.80
16.80
16.60
16.50
16.40
16.00
16.00
16.00
16.10
15.40
15.20
15.60
15.80
15.90
18.00
19.40
23.20
25.30
24.20
26.40
27.30
26.80
23.50
23.50
23.10
23.60
24.00
24.50
24.60
24.90
25.40
25.50
25.80
25.60
26.10
26.30
26.20
25.20
27.70
23.60
22.40
21.70
20.50
19.70
19.10
19.00
18.20
17.70
17.20
17.00
16.80
16.70
16.30
15.90
16.00
15.90
16.30
16.40
16.50
16.60
17.00
16.90
18.20
19.40
22.20
24.70
24.70
26.80
28.10
27.70
25.20
24.90
25.40
25.80
26.10
26.90
27.20
28.00
28.30
28.50
28.90
28.90
28.90
28.80
28.40
27.40
27.60
26.00
25.30
24.40
