18.8
19.2
19.3
18.7
19.9
20.4
20.3
20
20.5
21.2
21.4
21.2
21.3
21.7
21.2
20.8
19.5
18.7
17.1
15.4
14.1
13
12
11.5
10.6
10.2
10.1
9.5
9.3
8.6
8.1
8.1
7.9
7.6
7.5
7.1
6.9
6.9
6.8
9.4
8.5
12.1
12.5
14.1
16.5
18.8
20.4
22.5
23.3
24.6
25.1
24.6
25.2
25.9
26.1
26.1
26.4
26.3
26.1
24.9
26.2
25.3
24.8
23.6
23.5
21.1
20.8
18.3
18
15.6
14.8
13.1
12.9
12.7
12.8
12.4
11.9
11.4
11.1
10.3
10.3
9.9
9.9
9.5
9
9.2
9.4
9.7
10.1
13.8
15
16.3
18.1
20.2
22.1
23.6
24.8
25.6
26.5
27.3
27.6
28.4
28.5
28.9
29
28.9
29.2
28.7
29.5
29.2
28.1
27.3
26.7
24.7
24
21.7
20.7
19.6
28.6
29.8
30.6
30.9
31.5
31.6
31.8
32
32
31.9
31.4
31.9
31
30.4
29.7
29.3
28.5
26.2
24.9
22.8
21.7
20.7
19.6
19
18
17.5
17
16.6
16.4
16.4
16.1
15.8
15.2
15.1
14.9
14.7
14.3
14.3
14.5
15
15.4
19.2
19.9
22
24.4
26.3
27.5
28.9
29.6
31
31.5
32.3
32.2
32.5
32.7
32.9
33.6
33.6
32.8
32.2
32.2
29.9
29.6
29.4
28.1
25.5
24.1
23.2
22.7
21.7
20.9
20.8
20.5
20.3
20.3
20
19.5
